-0.772386637842877  0.820614523823498 -1.506824777444633  1.202086527719192  0.357487089094062  1.067349877280704
 0.971493837320508 -0.764850857048764 -0.606280664208617 -0.321932608591839 -0.459681368905544  1.403023715420492
 1.056869696622861 -0.131873597772620 -0.652666004444852  0.021659690154846 -0.627881972829273  0.335695784494150
-0.222303160538446 -0.270318316928973  0.287941569228329  1.252772957653621  1.555646449336288 -0.833079606865700
 0.186145047204622 -1.467189546920967  0.122056538652439 -0.390007717297131  1.516581874670194  1.601006259210904
 1.134204440343584 -0.193391100184548 -1.553273286138096  1.155743714169514 -1.050538741367714 -0.878278224774530
-0.337734788532996 -1.391665100317813  0.991573234807002  0.978149785693092  0.061361509778690 -0.703224545262845
 0.743284007889897 -0.355772960543492  1.250162346906023  1.273176611423460 -0.856590442294318  0.222116008709227
-0.583692731185224  0.941019810364136  1.148779215651737 -0.279293264526952 -1.147606239337392  0.840621942787622
-1.158641955635065 -0.997155009659444  0.734162632237967  1.067313916238073 -0.723896164329635  1.207245825097063
