-0.234895653920554  0.171078539850641  0.196142805740447  0.027426357945314 -0.011637581258157  0.165587249256116 -0.083442837217298  0.115313592148308 -0.166036385483004  0.065336256790996
-0.258414379565391 -0.065144116836052 -0.142099470362653 -0.155544863465906  0.003432827319105  0.143917309736432 -0.087523327292309  0.204967868034153 -0.206426152326870 -0.044932892433280
-0.141835252819280  0.087869891852874  0.119956604113282 -0.119753647256346 -0.102043967114215  0.026465008230727  0.011135396280460  0.100846491739287  0.052054419036513 -0.122222718207520
 0.010925335809285  0.041498749719198 -0.125981852830070 -0.093433897782166 -0.076500295642589  0.260679900345361 -0.012929897524049  0.047557940278307 -0.196650390633406  0.022739521576262
-0.116638912100937  0.056783944250494  0.102721022922931  0.154132061926869  0.091860997657819  0.125460802701812 -0.109708971817071 -0.056161644451187 -0.188848506344944  0.104312407834231
-0.092413920664227  0.137355414473979 -0.072253850492935  0.158979888826314 -0.134776903456483 -0.032239853056235 -0.130846579694398  0.032978828941762 -0.126896846552515 -0.131582906539692
 0.100723334243421  0.040555382118609  0.027254744954576  0.125280616743942 -0.189938602753973  0.163145717281015  0.063625582476338 -0.065168637216153 -0.055689711378457 -0.228501414133311
-0.138206540942953  0.061805359107916  0.128237725456215  0.092432194363755 -0.239507175041362  0.116742657166621 -0.046971198013028 -0.131244477353626 -0.007570738491126 -0.090711547898234
 0.052427977720987 -0.012015081526568  0.050569260368759 -0.149038900792022 -0.068521455373116 -0.019886601285354  0.012317436431683  0.127798867391107  0.039495885710378 -0.026629532729712
-0.247654284403601 -0.095980790625851  0.154993128057477 -0.147072610440730  0.028405727667783  0.064574942488839  0.128250167684875 -0.129499141969633 -0.003770195428275 -0.179496719705034
 0.119193159986088 -0.167243004927922  0.106063726492505  0.097224342613460  0.035906181338909 -0.100520105892186 -0.063303439186378 -0.076531931860081  0.082861448188225 -0.073090378275328
 0.042991845408366 -0.090838079288393 -0.055489052773852 -0.143997048907928 -0.258213243515636  0.215260423281304  0.008670836012488  0.096539845261682 -0.153491944214155  0.127203189446298
-0.052696367728285 -0.050649699015498  0.024247603495927 -0.056273966595220 -0.258270166626676 -0.062424675490280 -0.194191806326360 -0.087553264371667 -0.123551266794032 -0.065035642659205
-0.258311346548257  0.160146188457169  0.160769081837943  0.035567126171157  0.019374434462902 -0.022576210181887  0.196217509261899  0.013304784849061 -0.196021391393250  0.064909056989867
-0.093212484799698 -0.118921269218730 -0.055811425496980 -0.101864783283249 -0.217396927868499  0.254778281830018  0.213264639199292  0.014874491990607 -0.244297933555232 -0.186195826052569
-0.124652366142582  0.112338662269349 -0.170199226148388 -0.136007530256968 -0.158532246392496  0.107503574868701  0.100918883468702  0.081791950913724 -0.076918230624917 -0.027044928169842
-0.094855280028469  0.131255126787610 -0.095299965256032  0.114890022327309 -0.136755691527571  0.050718027819995  0.100356226823502  0.159211031583926 -0.272422847592251  0.113493046313306
 0.017713268537024  0.017516495061779 -0.001735256363389 -0.081668726259817 -0.204175182644400  0.089468447466229 -0.043824564671494  0.181957230146225  0.197143699425123  0.060400444126322
 0.010287924872795  0.139366226454773  0.028110536756773 -0.070530564643202  0.054717197273087  0.260504292031019 -0.078822198188807 -0.007043086405862 -0.047193529164155 -0.209119025071248
-0.123815150373425  0.024996549430509 -0.097649230809821  0.173452358394921 -0.052235273666028 -0.071337928538212 -0.041645574287295 -0.055478677591635 -0.111733757138256 -0.113648825050315
 0.107915366813951 -0.026087578467858 -0.105151800613555  0.124680455263792  0.023941763544092  0.068876083407114 -0.157416479308779 -0.080663791153723 -0.085999356438828 -0.030182848391947
-0.031159743873265  0.092820805647374  0.092034514579142 -0.132674758003899 -0.139456798126142 -0.083989638112413 -0.118194719979041 -0.109371436158160 -0.110962619008550 -0.249828484932516
-0.008592880595929  0.110683688725217 -0.179557344693667  0.204873033495455  0.174789280326703  0.005281099439400  0.104285907884771 -0.074854838024977 -0.020850335225017  0.206927058389262
-0.021452263068009  0.027725984001137 -0.080944173840731 -0.070860047725570 -0.102574778646865  0.158108381340524 -0.079858517585216 -0.022118586111967  0.230334463808420 -0.183069027188246
 0.121760155862595  0.184475553990811  0.137541614051481 -0.198300164798019 -0.129749151305210 -0.062090256354096  0.000925331082666 -0.104234445609396  0.100913534823768 -0.122259108901304
 0.029108447934214  0.020269623680121  0.127882500414529  0.073765549490388  0.000810737648034  0.261426458799839 -0.087973762471648  0.101025908612932 -0.209767122643181 -0.205827159168870
 0.081101015567041  0.026734599567843  0.024051319980519  0.111096134811224 -0.074313189498607  0.102504153058680  0.085947435740229  0.136332586437665 -0.016095130827371 -0.107944079811269
-0.150527779181649  0.178926469529955 -0.146484771183899 -0.055787733895179 -0.126367949272859  0.168592222384030  0.024743462968405  0.000794770498827 -0.020160990175681 -0.192304484148398
-0.036153142167042 -0.131323971348629 -0.132603411461031  0.023505916963014 -0.209195386387189  0.198906863785546  0.150330383994551  0.183646852930966 -0.154203854416998  0.073998813666747
-0.006291840116075  0.221850157048875  0.061983989611383  0.057656480429728  0.125742047976849 -0.127983752008859  0.076872066313257 -0.179014669968815 -0.103734161695786 -0.146190784831697
-0.090007238532384  0.172363124895586  0.141776579090081 -0.192573856375229 -0.089575813802864  0.082957669376666 -0.069114913064369  0.133670403798505  0.088534570765378 -0.056171655701107
-0.045166778741766 -0.086624631426557  0.200034451871551 -0.183473806963312 -0.129154389682858 -0.056380500253724 -0.189990350723753 -0.020005047175085 -0.072579202905237  0.095245480359578
 0.136313795496062 -0.109397499273093  0.114099922814424 -0.129812914783784 -0.067320081025038  0.025268779677717  0.106325379781192 -0.003077537021208  0.186036287241157 -0.056920028056945
 0.047441803817201  0.092333093533826  0.010409328434394  0.013389712470474  0.136067810089540 -0.182280310447994 -0.189582822725334  0.132180610807063 -0.063405577395082 -0.231402016969317
-0.042389371063036  0.160133904094930  0.087744757133396 -0.127376531088909 -0.184797525352689  0.099477271046705  0.146041462622027 -0.054992500656377  0.103230938828487  0.034865907980764
-0.050470103859294 -0.070414897325574  0.001708456074902 -0.013824548527677 -0.254413551092760  0.133519468742942 -0.131435294481588 -0.024740562627969 -0.060508885247576 -0.132761531748772
-0.050442235214657  0.073980083414524 -0.059272226231414  0.097372435203114  0.113524954035290  0.129918760430661 -0.075900271880454  0.037242562895108 -0.205882219036362  0.139836241092631
 0.091021982857491  0.126760171967301 -0.065503637004882 -0.018018961837469 -0.283136298789791  0.044513263745634 -0.149432322640750 -0.093979437549666 -0.064140733138501 -0.049354178386383
-0.206125039465715  0.074128999004861  0.003636327342796  0.008352694050824  0.096382133638689  0.007514847077568 -0.230925164081784 -0.176382889818819 -0.048837954283568 -0.038389823668130
 0.021008975648030  0.036998675668021  0.156085742938577  0.027062161093312  0.102027339632639  0.049145930816742 -0.106356890147609 -0.101971719035136 -0.007509869310829  0.086042802677147
-0.098115941181445 -0.106966047938226 -0.053191853084290 -0.092209518217334 -0.185015432969382  0.093279607894429  0.054676492245560  0.097323298625264  0.060895414530501  0.030431470319584
 0.046640235186420  0.056924041822817  0.171290874791288 -0.110599587522921  0.058143873561323 -0.099400619252933  0.041167497722626  0.100097473559091 -0.152159087954491 -0.117208379363550
-0.106332500701250  0.109747402674620  0.118351146947905 -0.091719323216067  0.251706258251983 -0.033497989589862 -0.227241825323204 -0.053641876029162 -0.069854883094887  0.036019930238795
-0.213782823492468  0.032320616456564 -0.006915453015629 -0.081639056748901  0.141802339351927 -0.110343503660644  0.030293441665373  0.010340715233140 -0.052470524488556 -0.083223010853792
 0.017481483155332  0.039635515264695 -0.094186830371728 -0.088367409004030 -0.014265527434626 -0.060149844709736  0.051561991846559 -0.016122216495054  0.185090290380749 -0.067319070277321
 0.136866271784370 -0.036531645851703 -0.041797158008502 -0.189927525706552 -0.027568688035932  0.154909628163606 -0.056206810407464  0.002392926316323  0.076597058558681  0.049787022443645
 0.083262398436384  0.100812753308431  0.164857810044078 -0.145344252660051  0.212805541171590 -0.208036597231165 -0.173674049285313 -0.012016146990403 -0.012182849377671 -0.050528528894771
 0.012775622544403  0.138442525323521 -0.031896208892036  0.022561392678483 -0.088723716748298  0.191860033982869  0.068437884429970 -0.065205856951503  0.016329747301214 -0.022253864564727
-0.031374722893041  0.193461332826432 -0.051946083591107 -0.161453986740513 -0.139997219052244  0.173720450550497 -0.039642785209427  0.049349492872928  0.208703434375432  0.058489225408633
-0.017514925027736  0.016114850405704  0.094972901824851 -0.072748214928359  0.091064726104837 -0.110009585811943 -0.213600798718624 -0.112604813081331 -0.037552054972208 -0.006050355471342
-0.047020236391745  0.007700976578553  0.121835084558586 -0.027931735721740  0.078573116633574  0.182817128143724  0.110431716607496 -0.059299749582294 -0.021672110321124  0.111478674946317
-0.189498690221407 -0.009852730181723  0.013978456115959  0.109024378895739 -0.070718062199148 -0.006631228777580  0.045030219350735  0.124410582033588  0.091499379317658 -0.015362572108108
-0.201098804305919  0.052824916249065 -0.070970530163377 -0.225538643766798  0.110774876111651 -0.118471153672406 -0.074886040409945  0.138136566414707  0.139543704357270  0.159177204322657
-0.149253563192434  0.060801262144649  0.072110788576909 -0.013457127632347 -0.148249324885276 -0.100110255587822  0.047331695069786 -0.013705283254284 -0.086611162050938  0.150212010219912
-0.103661252041814  0.166117279023675 -0.031050619479776  0.077834547146155  0.035641101094180  0.116427898343203  0.110001249335628  0.052019930270295  0.033084572151304  0.168506907756308
 0.063149324756135 -0.007438652931282  0.090190849557829 -0.074217441062158  0.095703757559221  0.113565703558927 -0.133289302737362  0.212877533040893  0.234635120646638  0.034422568566254
 0.098381944037708  0.097082790472457 -0.091561596816583 -0.199438481462593 -0.040680338123620  0.104832433297870  0.030065962101297  0.162862056334706  0.085977161583397  0.054187121334189
-0.297320558407894 -0.130631806474858 -0.141053506314357  0.106254836444815  0.100256204061471 -0.157086168988163  0.086587886268260 -0.038570157367862 -0.144116964937135  0.141937193390450
-0.135779155779825  0.142341965959735  0.070664948331481  0.077071598387774  0.120275944100187  0.174861845445130  0.267800061350851 -0.063321571478341  0.115929974204426  0.062010087267939
 0.138770973916197  0.011235611912448  0.008464275483719  0.019415540573214 -0.177175463515338 -0.009490156255020  0.059482898966873  0.042481103164351  0.260690656850724  0.121272405020154
 0.046879537251067 -0.057849534526244  0.063160006993717 -0.208567631522121  0.060473971673049  0.046018934047860  0.012578445050104  0.106994404649648  0.257617675234283  0.071000297060894
-0.002175274113846  0.221985172980618  0.058234970256558 -0.162251481014368 -0.117281506227401  0.218860079159591  0.052458762774726  0.256013467888333 -0.075537477909365  0.087281897819432
-0.014344677826595 -0.166548110564680  0.043052809299354 -0.049216289267368 -0.185904185519306  0.027104151344696 -0.085545716001456 -0.058627811633760 -0.013725359458677 -0.066921230249961
-0.107013299450808 -0.178568398738075  0.052368911974179 -0.116059192270453 -0.080260401140992  0.100137849314673 -0.067474711954659 -0.012681606980816  0.036631776520172 -0.132421814266266
-0.030477497092179  0.141513338313528  0.133513177228699 -0.123716779517620 -0.056259832741782  0.012433172926165  0.025211314323563  0.006954372175597  0.045334786550128  0.197814114945700
-0.229106918750679 -0.152405583141949 -0.121502709519531 -0.163510126353274  0.031761636769267 -0.003820315734935 -0.257753636798275  0.170151889438862  0.212695637293081  0.113570377548334
-0.252420867027108  0.130041142141374  0.158030430645357  0.200134068280840  0.163775022001660  0.099477323125956  0.112071514675364 -0.025627534514517 -0.044383126880704 -0.074483463796324
-0.323334941570742  0.139539299639958 -0.072666649832091 -0.100875675949325 -0.026919110337473 -0.097323050827823  0.072361932240133 -0.131552110935854  0.186242079202943  0.037016099287358
 0.057094104217353 -0.022860619298705 -0.015315906502035 -0.162987932734417 -0.036039915352172  0.059141818402470 -0.032602192162525  0.236701283485811 -0.005177965873171  0.236200733456247
-0.075609411567933  0.115972520825998  0.196223376454127 -0.126518775151111 -0.017436614961883  0.007157384914970  0.067315800958821  0.205559961852016  0.005278530107660 -0.066787556898837
-0.160590857474990 -0.124995923072179  0.022581284207083 -0.080955359726941 -0.126054729769848 -0.106881557529704  0.172566994117309  0.159368261126464  0.058240122402725  0.197720822619889
-0.206233741735103  0.150782971328015  0.123890141526210 -0.042600938632047 -0.157598563588396  0.049405859876664 -0.122701380089529 -0.085101755349725 -0.099534650668447  0.142849788171319
-0.166235820511534 -0.147261476568792 -0.179879625420318 -0.001771030896094 -0.153967117930470  0.087137925539089 -0.067310391354665 -0.155883480956589 -0.033899170419457  0.038575068877451
-0.024416551597160  0.172643133737040 -0.060247767364937 -0.054919314686936 -0.200882804421122 -0.035505606426196 -0.163213030862766 -0.059225064777713 -0.004147544280055  0.012899033593589
-0.056627345940976 -0.097722728038149  0.092380141792738  0.137582147786420  0.149136350005667 -0.213659661487621  0.132914360408825 -0.114433655648904 -0.091854634942580  0.065121952534686
-0.127770504851565 -0.171990686283715  0.051286285087174  0.052775881962804 -0.000693473749042  0.062911280373766  0.084266911834720  0.029101996899175 -0.185907763736826  0.024719200566637
 0.076834047619548 -0.031218521712750 -0.151536708597394  0.059576947171116 -0.037381846553251 -0.042749023109060  0.013367547362402 -0.244680027561904 -0.185843937558431 -0.032073541250555
 0.117452033474606  0.176178425553363  0.128791487324688  0.010804536639967 -0.188760556581907 -0.170954225436701 -0.265901630998574  0.023027714612338  0.171476737639920  0.035000582763613
-0.081870677111400  0.064197294295260 -0.161991548329982 -0.063294849676752  0.170940261940757 -0.098636023679090  0.169245334096437  0.096937933520061  0.003645958945106  0.123119856631113
-0.076896171934570  0.079319224940937  0.161921762365075  0.145037794777402 -0.084853204101915 -0.104674936603459 -0.028184077780228  0.030358013978132 -0.008014522592009  0.085452214470825
-0.052660199750812 -0.165337472453234 -0.168262915629072  0.116831668652195 -0.105099552461718 -0.101196853729133  0.062445240792858 -0.107149855809413  0.078961238068982  0.048068864899174
-0.187995668171365  0.149336837309309 -0.125411289282164 -0.080260531310649 -0.074477974977836  0.075218412183498 -0.125579099847933  0.076064518122457 -0.057368104160138 -0.088300059161989
 0.184169844673740 -0.062111767057932  0.044487184302493  0.171971580168582 -0.087654094015472  0.168538266056307  0.035995093850614 -0.042701745257577  0.029462521128050 -0.166285458812610
 0.254823706204551 -0.127929764258103 -0.089971371966278  0.146095090363375 -0.053330734753604  0.123754087612934  0.018073602394159 -0.128466420738666 -0.311130178069491  0.045252672645069
 0.064062735683626  0.027432703814411  0.031870176221611 -0.160186378851730  0.121377539746902 -0.015587288778726  0.093864974914815 -0.202757214882623 -0.160850098500699 -0.156011644612365
-0.198374061725741 -0.011956727606213  0.048533405628868  0.070680485641588 -0.044327565048515 -0.073323106910043  0.069819239555520 -0.121563371009825 -0.130120151692029 -0.187291038064053
-0.106688424226729 -0.100762455444856 -0.111377569944129 -0.078432712598462 -0.088886394488414 -0.095184763932178 -0.098065771360436  0.102976554806740  0.036227517065383 -0.028377192596535
-0.053699725421670 -0.146187912672142 -0.169411220488591  0.176859076627264  0.090259149926511 -0.059485790355015 -0.039445390357326 -0.219675635317216 -0.088313555850088  0.137366227260422
-0.102887078436936 -0.096893879693059 -0.036548134211861 -0.191285867449735  0.059130112649818 -0.117151604780564  0.096405012879372 -0.133197865169592  0.014470006657041 -0.174505495545474
 0.093134886430361 -0.061138674598357  0.099720257025092  0.104550883097231 -0.001981353562442  0.057873127284158 -0.132915417662154 -0.094803556041507  0.044026553972900 -0.045958757545283
 0.078358545046178 -0.043384463597592 -0.002491439020550 -0.091799950352642 -0.088382834971144  0.015149717616600 -0.035079492146368 -0.135631109896230 -0.029599915441788 -0.172480704041940
-0.144082933046065 -0.015448780623879 -0.055768239149948  0.015960564775402  0.193045334675713  0.189664600302460 -0.053574583037295 -0.113418957725574  0.112324484390951  0.048385645555965
 0.169370534757913  0.089534939565243 -0.137446293046864  0.106911949289457  0.025526136314312 -0.104236441066158 -0.103079696206648  0.120943971679411 -0.166955981853331 -0.082966319210751
 0.080615667495579  0.120048283395310 -0.026864252898316  0.118479159284246  0.060153307602771  0.067638950299820  0.140817294353089  0.063128932726160 -0.147911971631953  0.154165203668970
 0.112487439661785 -0.107235074874376  0.004619383069603 -0.083479338066641  0.053400091603463 -0.057769446714142 -0.062209953888316 -0.168657452884052 -0.096939341098772 -0.235570615252217
 0.177035159735955  0.049985601177041  0.143819456576200 -0.100321413298908  0.217570874537980  0.078921328302371  0.045289300493294 -0.053060928654971 -0.112517912890446  0.064818109437403
-0.029646491099456 -0.123376974667193  0.097483178266506  0.044712481483865  0.179794011250261 -0.047523070532226  0.014721214452487 -0.067045934580499  0.102948702182547 -0.015980804026797
 0.052671184369180  0.069172352325371  0.117334167332911  0.052424482450438 -0.038250880304432  0.264569275219949  0.020404840837887 -0.130556733243234  0.051117578244343 -0.006474556447698
-0.070854788710192  0.156712620509733 -0.116884432712937  0.039283082449575  0.043671499547772 -0.073623649560490 -0.160238062063858 -0.260435505011798 -0.081061001329920 -0.228271147192623
 0.117967310540540 -0.027856223275863  0.118334697633767  0.102093489800124  0.068830357843193 -0.147638923926462  0.210005537580951 -0.108303486278597  0.070264715948398 -0.124363709788173
-0.134319121863627 -0.104150268941146  0.055654953654040 -0.096306947855176 -0.090265188442882  0.084517675162826 -0.037841688153547  0.107474455697441 -0.046953333014218  0.021504555834392
-0.181074316470169  0.105392983552633  0.109141308455428  0.064472017984807  0.074898183991594 -0.084079618222033 -0.049380928158880 -0.033659454659114  0.005820982806258 -0.105946722325392
-0.111107449678220  0.030736780086998 -0.102803961683420  0.107598524677084  0.267305955595598 -0.185432481228359  0.024121340348064 -0.157643832483976  0.096367604502423  0.103018229191951
-0.181379092131857  0.114420609533052 -0.188706428117631  0.041293780217201  0.040950629327827  0.011146530308672  0.097391228679292  0.069103005015980  0.035682711841317 -0.209049988049713
-0.035348869474680 -0.091674766732909 -0.163960832541101 -0.157161868808320  0.125851852290195  0.076390637684873 -0.017317368030026 -0.064112117901769  0.176367197631676  0.203439275325238
 0.062469186142877  0.250063660238002  0.139779642519518 -0.098046180970904  0.009491336762031 -0.018742427157007 -0.129558108172289  0.127692662028257  0.010511296031387 -0.024355075406560
-0.009753949623437  0.083221590161215  0.021629627966945  0.003299967814399  0.064683524094425 -0.049245822589488 -0.201936906719345  0.004798372651629  0.129663789343522 -0.158153604226553
 0.136824050246543 -0.074487937244880  0.132416183261360  0.020274310585598 -0.123095441511916 -0.023510317142400 -0.097813460389778 -0.040985157225272  0.023436179439780  0.066691992944872
 0.058869583743533 -0.183091150348749  0.105171932540422  0.162046915013725  0.102373906919375 -0.201840423811807 -0.021450650195413  0.012255763124865 -0.003535532046307 -0.181621864475540
-0.129816669196984  0.061399600158740 -0.004015799792320 -0.002168517680347 -0.132862679281956 -0.129263848549571  0.029623867093626  0.056819122147723  0.185597240349562 -0.202017036436934
-0.106522408036617 -0.136106264057490 -0.020604415896802 -0.078777201621343  0.225105925843103 -0.207077087805691 -0.110407844948222 -0.021281174277426  0.027630264160315 -0.110859502983748
-0.051151363454996 -0.013275409372265 -0.089649974364932  0.000510141054312  0.135119967775064  0.070743849221589 -0.129730734085690 -0.063859153454362 -0.262379473749312 -0.026899087430114
-0.070186865842453  0.207659726260922  0.112590595894822 -0.003551321812410  0.212831952383412 -0.132328952913848 -0.041459342729185  0.175957755737431  0.170830045039109  0.038328382048544
-0.097408562898284 -0.087557793538819  0.139813693698331 -0.101645775373253  0.104138740909766  0.021499332173360  0.139792404186154 -0.029660523921507  0.048868716385432  0.057585890316090
-0.112719293010371 -0.026012414032875  0.160791627436485  0.027812146427883 -0.075348982675890  0.018115151391029 -0.085926753340690  0.058789854311705 -0.044700340349603 -0.036421210181334
 0.115257886525909  0.157562985298979 -0.051815507312075  0.051180027888642  0.081662113986936  0.106756878061682 -0.304997568059823 -0.142677815513107  0.095025890995410 -0.106337469354300
-0.140229174755409  0.139018354286687  0.051961715356091  0.050759906913606  0.174333143624065 -0.173295639826678  0.001122813836781  0.038425359336571 -0.106556403790579  0.062148794861149
 0.125764619895533 -0.081120350359735  0.061565569644666 -0.119450849137041  0.165930722945368 -0.157302448779758  0.038133651393264 -0.093739796547370  0.097126882552646 -0.068580894011811
-0.009312932602189  0.083439911895671 -0.073026532502522 -0.029311766416550  0.108149417669981 -0.178969113225821  0.138494284194137 -0.182881417928125  0.050414181328701 -0.039759374987746
 0.029839924054595 -0.076834083462015  0.027230266905467  0.084837034943064 -0.216180236506711 -0.181758306990936  0.133112824635350 -0.014586448590038 -0.106904331830588 -0.117017125490320
-0.145226046328127 -0.026930148000916 -0.060424326098960 -0.141740827729065 -0.103091907925140 -0.083941898694515 -0.214330076037419  0.176786780308759  0.005949605113350  0.219568639427428
 0.017891931145605 -0.117453218155511 -0.039758391411861  0.039869262399908  0.052611383032931  0.039094953308330 -0.035967787905753  0.048037209448186 -0.252172002501282 -0.179511709431352
-0.220602974942664 -0.076755073931341  0.087524200196742  0.002448610753014  0.137579171841547 -0.017904915834829 -0.249850376506133  0.097435800965820  0.137501875033809 -0.148410234473549
-0.060939957827453  0.129206306733170  0.073152632957964  0.085076897644493 -0.064741854146058 -0.070411059102957  0.001572981869529 -0.092994527112781  0.119617776390927  0.005445774011606
 0.094097208686963 -0.045250071163550 -0.126973643495427  0.032921244247557 -0.082277385767032  0.177579029947111  0.092688317317317  0.000709754555071 -0.321470716223838 -0.294509073680244
-0.000063115513220 -0.136786059588362  0.148472981850341  0.130911390342225 -0.185168054480104  0.071154591026883  0.056680507364018 -0.050216014375522  0.129342102445000  0.116701416963844
-0.053185513954315  0.041637607161194  0.012765740025670 -0.215087941827069 -0.035089942463917 -0.019194211300595 -0.077808616164344 -0.136259433913126  0.174420159801131  0.022953091851446
 0.102296605580362 -0.085319879890810  0.029886349815677  0.114512028392103  0.017022125192199  0.111666167158247 -0.130798872908175  0.036668936222887 -0.172816949135464 -0.060942151162432
 0.066909949523549  0.194203681861305  0.135564833576637 -0.090402719143410  0.115412358289758 -0.061325183450377  0.082678396246108  0.206030833177564  0.290856963684104  0.028205846413260
 0.068467164693195 -0.041866797296576  0.103436226312972  0.048365769374827  0.221065286684763 -0.072730618822909 -0.116908117285255 -0.298262639922637  0.118381211161820 -0.157248566656452
-0.101896968441186  0.118629622502354  0.096382932795730  0.130123020375125 -0.209359881429726  0.130925372047908 -0.011470332582766 -0.216354170759022 -0.162148291060573 -0.203201355784912
 0.158870687000814 -0.004338023308282  0.160623336755989  0.067443635540293  0.004314433700882 -0.014087301911636 -0.011230236070239  0.051152626924006  0.003686716636991 -0.043229418999161
-0.093387109171759  0.008106735116069  0.083135134331357  0.063819248544875  0.086171574230944 -0.240280124829294 -0.053362839199606 -0.099283686385826 -0.008108513693582 -0.225547197747428
 0.080715103203209 -0.017851012018290 -0.087336022692058 -0.108755822537281 -0.030804966724595  0.015314365153709  0.008048375220181 -0.027879521342442  0.021932707690677 -0.020160031233254
-0.048364103100783  0.098715945362338  0.063456316909529 -0.054406985909405  0.083715060560529 -0.211265302998274 -0.163558902577903 -0.176329276130905 -0.118027551929672 -0.093699702572742
-0.088484374062063 -0.155908562482818  0.021317613651042 -0.194922698553183 -0.178058826963381  0.057064651813791  0.085185924181936  0.168328034074972  0.084820696998846  0.177772068525896
 0.014806119349869  0.029535530210364 -0.059567402766399  0.036854228275297  0.016026081422599 -0.125926292065794  0.191302922412029 -0.161982602559957 -0.192482785303066  0.033037748961843
 0.027488095877537  0.066603837937570  0.116550782514781  0.127444731556438  0.130749343656001 -0.078018190553722 -0.138453756712947  0.066373707586013 -0.061121404210825 -0.103021688713909
 0.060517258342862  0.066798082403312  0.014366653916180 -0.148150048135249 -0.146485770594295 -0.024059924186429  0.077504400362582 -0.016768485349650  0.071498098630705  0.058860935351416
-0.155174333483527 -0.024849883986440 -0.004928537268952 -0.099724286270063  0.127594604747330 -0.032664526882032  0.026099497883242  0.104245575050811  0.077188656713412 -0.076684862678721
-0.042742872211737 -0.100426170379648  0.074435283698066  0.035409189973262  0.001636870460350 -0.060562301793554  0.077767094532579 -0.014504300414246  0.123560364391873 -0.186066559847811
-0.123217524445818  0.048093196247988  0.006708622795252 -0.194648072653533 -0.153877101321382  0.133206484143223 -0.226133322799565  0.149001110400380 -0.158392938390926  0.038519321726802
-0.034761572697558 -0.133153783169343  0.022195455095668 -0.153631598433480 -0.067057338477944  0.077626552744241 -0.177796403711286 -0.169237471840408 -0.126557589697409 -0.188496510455273
-0.073002775233632  0.060976073811005  0.035616092061508  0.002687023757924 -0.019776063116009 -0.101144600862533  0.116619131459587 -0.159297473040074 -0.027438413186544 -0.171573843323160
 0.034039078511450 -0.092181260925957  0.137653800622709  0.065305096325600  0.144566619669982  0.197975846119912 -0.033941424717300 -0.022936863208409 -0.108810965715985  0.065457692857454
 0.029744719025823  0.141662252091105 -0.135763085591759  0.017108641173522  0.052033194091383 -0.138520559971265  0.097863192521652  0.018308093594864  0.002436061644341  0.115474707240527
 0.123890405246011  0.037553679144436  0.137741780979783 -0.014870962035520  0.035761454607220  0.061653267854623 -0.085010935149837 -0.149562772952330 -0.060398066932517  0.068302435085717
-0.049665375514740 -0.111667308361017 -0.007072447340000 -0.078705984607272 -0.096860261897986  0.210406927906468 -0.081541774909355 -0.019862169315105 -0.044759037313061 -0.157289557571358
-0.088774160169775 -0.127631253886012 -0.021565395677213 -0.145338690847582 -0.076911285183406 -0.062952495856672 -0.159623144155574 -0.002207174724207  0.169710184400523 -0.057050561671447
 0.085906933541551 -0.114166101897571 -0.026689897906608 -0.269125988648026 -0.111290832003543 -0.237129714188320 -0.216953525149336 -0.169779284648988  0.006141898519022 -0.150305027472274
-0.054314765870824  0.088727569502184  0.159462683104426  0.156070053087136 -0.065103515273493  0.003351924344379 -0.037025540174314 -0.009827356881740 -0.166902578733027 -0.169648774566630
 0.101743584234494 -0.069817565070244 -0.155715124302734  0.088554286234792 -0.024058429366593  0.128984951973616  0.014220435379202 -0.285881434886963  0.028101446157767  0.029576112901173
 0.065450811648294  0.090099179194529 -0.059720697639660  0.040762751027514 -0.103937129670513 -0.047747894842117  0.106844471823791  0.186205599908166  0.001459225382756  0.001705357984497
-0.073705592071585  0.142401490110841  0.139533494177099  0.008723543240958 -0.036907614768551  0.080019120304337  0.003670629159935  0.148887260443916 -0.177482196921459 -0.029874931959326
 0.024991268569420 -0.092841602894896 -0.055418700698188 -0.137626889673591 -0.009405104762884 -0.095821583174589 -0.045006981406129 -0.193593360236842  0.028572787617216 -0.135895472394256
-0.062848526016037 -0.029234819946395 -0.114023704726568  0.113615259411032  0.205348002486854  0.131888937778480  0.008898908872973 -0.150273812320060 -0.012745153109481 -0.164780193462248
-0.156360512771866 -0.020177592563740  0.086141944023497  0.027568420824388  0.019557617553744 -0.036057235590971 -0.099828323647635 -0.045463125871524 -0.012461827961251  0.030192922961843
 0.208280871214065  0.138176047314639  0.062479385734462 -0.168470900853889  0.070281669921247 -0.089909426280527 -0.200830981478148 -0.214770619053826 -0.123762168928903  0.046928232937546
-0.068106450126666  0.044507743446804 -0.095367553613600 -0.178480474539648  0.000384466575181 -0.095916421161108  0.065355791110055  0.074539481978951 -0.067256746215758 -0.273980203640514
 0.039652161136680  0.143816940175687  0.182680467446408 -0.153399016767285 -0.103122448385046  0.149069044090811  0.103873377772836  0.163335093591024  0.071306916116003  0.103095461151155
-0.059002545363199  0.033240367119704 -0.133819963557132 -0.219274746304178  0.150352138897241 -0.112551942806212  0.003305152030855  0.165629562360437 -0.014707428491013 -0.077564018171095
-0.066960542465311  0.125025784831403 -0.064166559008218 -0.098025895222685 -0.014554962643233 -0.184798410029377 -0.005437495411714 -0.191611175224537  0.002571209086000 -0.144594956708824
 0.040494224231378 -0.156644734950299  0.038085965977547  0.017077047397256 -0.146866314088500 -0.037884520104095 -0.073849528879317 -0.178267575453558  0.107450319327710  0.059249043191806
-0.120750349759302  0.166141598179487  0.178695131238638  0.029642401750009  0.060506841586383 -0.167922695018661 -0.017976153875492 -0.164607399468701  0.213044226937461 -0.030292596118195
 0.137178359920187 -0.048716340414103 -0.128665666308956 -0.097758056078033  0.124249963009905  0.217782949839619  0.049895373878106  0.055328571640732 -0.164569067272849 -0.011589069088398
 0.126067948220240  0.004856029667016  0.172775572808274 -0.169503410006588  0.088177983425628 -0.119457638273461 -0.170827844427969  0.025215968989762  0.015338802749002 -0.022473445828448
 0.198518661418238  0.140146795533524  0.117500052055513 -0.149434475101771 -0.028278494159915  0.005389032314048 -0.230757640624720 -0.243672725117371 -0.090750357331739 -0.014840911891915
 0.327464289081073  0.119572156830143 -0.057332266796975 -0.118162114030619  0.133391601002432  0.156390044971856 -0.005164128344662 -0.181529363450000 -0.199126723310174  0.071538348222409
 0.014419789441727  0.268762959853975 -0.105228498372853 -0.038759896250147 -0.051387767737787  0.139969160444268 -0.156168189808562  0.051577244498238 -0.014504556197864  0.146572520131612
 0.127437207310337  0.010798761281273 -0.025417430267435 -0.196174942545492  0.094550361631622  0.050082330769974 -0.193180113134574 -0.121000457272225  0.002758953747892  0.129543491528103
 0.027500971497941 -0.041778232542507 -0.112592198520044  0.057390710493214  0.045734060957472 -0.030950525056793  0.081819204756319  0.038715933594921  0.057839720669564  0.133690030901697
 0.170872960658633  0.052152987065599  0.099535178276749  0.103155714112571 -0.066740807508200  0.000183206843847 -0.092559109376732 -0.031859222385525 -0.050366619364204  0.130016114484463
 0.192686017188177 -0.005512345599380  0.136119666854815 -0.166718129660304  0.242992805177974  0.111781904768739 -0.066582838688048  0.125430839019523  0.046108442885514  0.129337806158610
-0.040724252693210 -0.043639172257636  0.072622567184128  0.064085262122327 -0.056934254809487 -0.046261970571189  0.008173742740024 -0.141658900472443  0.220054489178035  0.106275396729904
 0.060075260744126  0.004471867354067  0.043072022046690 -0.071155626602132  0.237704693422869  0.115067942875646  0.096134651129114  0.078691269778443 -0.014313336242149  0.165021577025301
 0.003876070727733 -0.007802833953462 -0.004181082499234  0.013687994263108  0.090024405196979  0.082534406016313  0.120717281505421  0.206270895949702  0.095177998656072  0.205181322653940
-0.164840342999369 -0.035509091254972 -0.018686074860211 -0.039301382647499  0.036770710670389  0.171666278889293 -0.031344162756203  0.048135531494729  0.038364302997613  0.103423458226008
-0.140925305637584  0.174385390262804 -0.093326437939444 -0.089040067307500  0.002201568913061 -0.140091089584213 -0.023202709623276 -0.108715652700739  0.017770779291778 -0.033682087558928
-0.062692854227888  0.059508284226175  0.176676029407885 -0.065480698012608  0.004404254169328 -0.089441953074457  0.115748901500485 -0.007864665568768  0.123877289097378  0.030129267165157
 0.017180495661268  0.234735115757788  0.140446387150662 -0.087344425346305  0.147403711589243  0.167053925251243 -0.116633561324761 -0.070389578912641  0.048943209019905  0.118271875161204
 0.064039020796432  0.053881346257447  0.113020361499538  0.147120965764995  0.096062265255646  0.046064685044275 -0.042148832161980 -0.062895273590547 -0.086986039862729 -0.106469891620272
 0.007975741048413 -0.046092932343736  0.199318373294536 -0.021432306523276 -0.109324746246700 -0.204547022478782 -0.152614336195217  0.045898411196826 -0.086742323903249 -0.114993157040928
 0.114208191648570  0.058942727392581  0.143291638177429 -0.074975839315941  0.067660094652648 -0.202447273877418 -0.205069364707210 -0.102129264859664  0.065325865037517 -0.051492025850692
 0.150165571680880  0.218935465597879  0.206999279439037 -0.078873336208632 -0.022833760241955 -0.149980397009557 -0.066538372080119  0.119405782675742  0.011446474262611  0.022296011767903
 0.049252157493396  0.236275297510064 -0.090542625964246  0.030497243486192  0.097272880908147 -0.026143305531165  0.116797057748135  0.010817463324908 -0.080815907433971  0.062276066217238
 0.067333861616049  0.042061984394399  0.147956049939306  0.089761707114383  0.241487936804139 -0.187847167697332 -0.163163713431598 -0.144578640019031  0.107572741446090 -0.102148930881868
-0.039562114370749  0.215819799695640  0.049874257274812 -0.125696892998547 -0.073641175515205 -0.027023235981223  0.077815277589702 -0.111339397911424  0.069427963933560  0.129393600681721
-0.161075893029904  0.171740347380169  0.207378428466667 -0.121196420189787 -0.033007262380237  0.044017408174969  0.125079124112957  0.080036534089011  0.158506201886980 -0.088183071922107
 0.136888794869616  0.054316306936808  0.013120873458180 -0.194013695280924  0.167997272156294  0.030062540939678  0.022433128764526  0.126751057996607 -0.133644793872205  0.176526470841136
 0.035693542664349  0.206183693731690  0.127567734054413  0.034275756121597 -0.047325119509710 -0.051158644080282 -0.041320642526678  0.142283347000499  0.122780772796570  0.110613116297268
 0.024200304595303  0.129830320359731  0.165686683980405 -0.225119224250942  0.233217202231101 -0.071887720835859 -0.219602899512269  0.131230669695422 -0.067313952483834 -0.097645267465614
 0.072258283547521 -0.011438761518546 -0.033089692295751 -0.087355863342407  0.037248539015626 -0.072416477216764 -0.007234132393206 -0.081905837769870 -0.024411972098186 -0.081335820198898
