 2.075359230516993
 0.767033917954806
 1.181009186703651
 1.431366821060398
 2.076557332145935
 1.789549821133222
 1.468217902283636
 3.011097640662542
 1.966650253195921
 0.727369423767399
 0.878404413601100
 0.737853042573014
 1.094841107060289
 1.476307116396793
 1.589672907706078
 1.203561121528931
 1.475197661411784
 1.309306178076859
 1.503859832829233
 0.827836253779348
 1.194618444257289
 1.353533223139268
 1.403874925849090
 1.944313630797773
 2.841862560546580
 1.345004926684734
 1.252911490814818
 0.956678583491454
 1.537270904917489
 1.789624862448503
 1.214181548833543
 1.418721174250995
 2.570258470039609
 0.723465768762084
 1.593868966404807
 0.972996565087203
 0.941006654809584
 1.130925853037168
 1.115491159715033
 0.916098288334445
 1.262913037828816
 1.526279174522670
 1.272953610928698
 1.428956403784766
 1.052134960135602
 1.122867574926107
 0.978051602915454
 0.939449604273082
 2.712509886928672
 1.724973861752875
 1.746686418500390
 0.956026832612844
 2.245894531748764
 1.016800521283011
 1.120773772668273
 1.338227521849206
 2.674513593113531
 1.063526833033075
 2.109805113717189
 1.250305649501492
 0.885608230959585
 1.260520922547566
 0.827483098666662
 0.963235560341040
 1.570589504834215
 1.645850059895681
 0.872628356763036
 1.295543643993060
 1.015200924651091
 1.200201784148453
 1.099774662317845
 1.179283236047138
 5.510870229026851
 1.836933451596086
 1.720194460338536
 1.207682681377472
 2.199420918450874
 1.895889175481497
 2.410148148962314
 1.017968055907745
 4.956649799213325
 1.375730204041476
 1.606351630388803
 1.433277421017131
 1.300802875246435
 1.841059851834815
 0.826514721262473
 1.126379518419441
 1.761761097049362
 1.155120390997239
 1.246035779086873
 1.693693705097507
 1.898296142927274
 1.657773831636033
 1.331941558577954
 0.640745824940716
10.303165494590571
 1.629350666701598
 1.203913162971523
 1.288605003688375
 1.862519204243228
 1.768546468599954
 1.881547074474023
 0.921800146025344
 7.980538370551117
 0.907881277536930
 1.453955531265505
 1.093096011146076
 1.017449333940709
 1.216925961205336
 1.260845562157802
 1.093657247649105
 1.294696379143941
 1.492460831986498
 1.947074485779706
 1.153863241326966
 1.217071578939469
 1.146489146494679
 0.876980481920371
 0.871593163077184
 9.422127616538479
 1.623218465685380
 1.478964821093354
 1.155620586412507
 1.939476870976151
 1.935382085830397
 1.901652985505501
 0.864499763651822
 8.548591993404335
 1.822314708490882
 1.113091828481612
 1.654240704983575
 1.018072163134535
 0.925922677299296
 1.053734275533659
 0.853649057160680
 1.276645196564085
 1.475946865717086
 1.090952946563274
 1.789762234634577
 1.557673151447822
 1.448502325018338
 0.833411913898946
 0.903263824517190
 7.284765444080292
 1.015186711957357
 1.371287790010253
 2.361160038328396
 2.101203229249775
 1.828257715855872
 1.749469876372026
 1.126413142001355
 6.622604889143043
 1.155943994356348
 0.987653277370227
 0.785796705515345
 1.293070576283353
 1.212692772733629
 1.279006667000358
 1.248779936115050
 1.819720068343652
 2.535027501639879
 1.433983960895158
 1.744121001390470
 1.410408489430073
 1.464853687366622
 1.126520517152474
 0.961929737819135
 1.041123240855976
 0.494388534786071
 0.591865844757639
 0.572972624893651
 0.598892522525598
 0.581155237606269
 0.566203179449929
 0.589275633677874
 1.016817727474518
 0.475011613398603
 0.521376592404740
 0.468476835084531
 0.451812370182403
 0.612425204095559
 0.589771792270819
 0.476367477317179
 0.612519178325399
 0.567653881480186
 0.488599543490231
 0.544646887648854
 0.532707684608971
 0.547129674587529
 0.627269717866841
 0.558527531520572
