 4.404377439281107
 0.967915451283414
 0.443834134547144
 1.071445864299237
 0.891956690118786
-0.204191697340331
 0.354967571533333
 0.714589485624820
 4.732950113612709
-0.011379885761044
 0.689592979350039
 1.172493065952620
 0.684385543293005
-0.124839108150262
 1.094880816072702
 0.793889402744072
 0.794860629637487
-0.208583995112409
-0.404325000280157
-1.527414650373954
 0.351581659054370
-0.221664486990014
-0.231769339036511
 0.511307033494932
 4.670829282076190
 1.451756907092374
 0.628303566292568
 0.744923100881064
 0.374057801000716
-0.356364452253817
 0.370248651631903
 0.425523442770541
 4.986075575940712
 0.271456399880505
 1.278177007035047
 1.138650088032337
 0.506163919073202
-0.292051673306773
 0.924959139391223
 0.658414072134498
 0.452744893295305
 0.119951934887904
-0.911152935262348
-0.607634877722708
 0.445648468318049
-0.039249148737488
-0.281526637501821
 0.070787144500163
 6.529952077141147
 3.651507960241833
 2.355954185767653
 2.117130153771529
 2.481510552383993
 1.012797181003582
 1.854345087328804
 2.255750430607904
 6.874642344289397
 3.542730917396900
 3.522249253944303
 3.530488969719900
 1.491190960985037
 1.870111482237262
 1.949452362342592
 1.952392016227891
 2.307099169314341
 2.106493306497616
 1.043928721493130
 1.004709888776373
 1.822682296846890
 1.712769385613158
 1.941796135240095
 2.222914001772134
 5.392358162325237
 2.246573055198914
 1.137924058564008
 1.798256449777300
 1.094491690826460
 0.022608739728940
 1.278400412480788
 0.464570049917829
 5.724258706603854
 2.401547925085646
 1.857837484420378
 2.284064340592183
 1.124906233027414
 0.752004780360402
 1.097103212583159
 1.733845196466252
 1.160154392465609
-0.032116511214706
-0.330685660702929
-0.331422593416003
 1.410936111496444
 0.727841545128981
 0.222513755112922
-0.386968406440101
 4.553263391122261
 1.023397729859485
-0.560846036340550
 0.388135502848662
-0.150671657856534
-0.967721574130559
-0.234427725775194
-0.991133319971604
 4.868133785557080
 0.867059829674869
 0.647057213263469
 0.759735911159674
-0.449763611924486
-0.715783531301445
 0.397653390324497
 0.008133501661787
-0.307616996630613
-0.728042398975786
-0.837539585419960
-1.622770218259260
-0.500101994797892
-0.855401793751527
-1.210801866718906
-1.003194093767747
 4.182167212739601
 0.193496479597462
-0.870023709529801
-0.204713153562142
-0.363931683701781
-0.736015587855652
-0.582464219679912
-1.094792371961816
 4.521496766663997
 0.325533038361144
-0.215884303784555
 0.123742009690037
-1.115845903394797
-1.984428502192688
-0.262293398113565
-1.145072010265714
-0.537357581198963
-0.789524615376392
-1.172710631435467
-1.033305446214841
-0.577376072426801
-0.726714592907649
-1.257191351868064
-1.045888351906548
 4.064164682857720
-0.202446874237231
-0.626852058268121
 0.113858445965242
-0.380637302251038
-1.335648595731548
-0.604110690756251
-1.057038185901336
 4.406055341336137
-0.133619897643303
-0.347209598521260
-0.767119449292864
-0.337292110017083
-1.452083930843764
-0.360252074379139
-0.561576317843943
-0.243573169996839
-0.679764048413320
-1.479110537244094
-1.407656642192717
-0.675682477519429
-1.196114535489819
-0.987028470053844
-1.471059425766450
 4.015097451937530
-0.069925704266995
-0.486527531031471
 0.195065556885320
-0.716497389751939
-1.498933862301629
-0.660628282252649
-0.966037212415795
 4.341253752492857
 0.142359321825817
 0.002231106168969
-0.366780919986840
-1.490135439400904
-0.472357740986221
 0.260209832968781
-0.510076861597784
-0.674663494699908
-0.892940209943581
-2.038324485506989
-1.869851532916580
-0.523375109273517
-1.529452806932732
-0.949609613668109
-0.985657292972703
